0.93
0.01
0.4
0.12
0.45
0.79
0.12
0.33
0.38
0.02
0.92
0.41
0.61
0.37
0.66
0.76
0.69
0.6
0.47
0.3
0.08
0.89
0.27
0.14
0.53
0.5
0.34
0.06
0.25
0.31
0.9
0.12
0.84
0.66
0.43
0
0.41
0.44
0.36
0.03
0.7
0.94
0.56
0.05
0.99
0.38
0.84
0.76
0.05
0.56
0.31
0.15
0.19
0.9
0.5
0.19
0.7
0.27
0.97
0.38
0.09
0.35
0.69
0.34
0.82
0.09
0.69
0.24
0.87
0.97
0.22
0.28
0.96
0.5
0.74
0.44
0.47
0.93
0.15
0.83
0.09
0.14
0.14
0.85
0.85
0.74
0.71
0.32
0.72
0.7
0.13
0.36
0.48
0.74
0.98
0.86
0.98
0.21
0.72
0.94