0.24
0.94
0.25
0.54
0.06
0.25
0.81
0.82
0.64
0.99
0.12
0.61
0.93
0.22
0.43
0.86
0.38
0.02
0.52
0.03
0.56
0.66
0.89
1
0.23
0.18
0.47
0.36
0.29
0.6
0.84
0.24
0.31
0.19
0.97
0.55
0.79
0.66
0.29
0.71
0.46
0.21
1
0.02
0.37
0.89
0.21
0.18
0.71
0.58
0.54
0.44
0.39
0.35
0.6
0.8
0.44
0.37
0.93
0.8
0.36
0.63
0.16
0.91
0.58
0.2
0.79
0.09
0.74
0.49
0.09
0.71
0.02
1
0.94
0.75
0.54
0.8
0.93
0.3
0.47
0.43
0.03
0.65
0.89
0.3
0.56
0.21
0.42
0.09
0.2
0.28
0.84
0.97
0.25
0.64
0.33
0.67
0.01
0.11
0.51
0.59
0.21
0.28
0.22
0
0.36
0.29
0
0.54
0.37
0.68
0.63
0.67
0.39
0.86
0.6
0.86
0.66
0.52
0.87
0.59
0.02
0.38
0.75
0.69
0.69
0.6
0.9
0.65
0.75
0.43
0.31
0.1
0.17
0.45
0.34
0.61
0.64
0.1
0.07
0.23
0.79
0.34
0.16
0.85
0.23
0.91
0.88
0.96
0.58
0.7
0.34
0.5
0.98
0.43
0.56
0.09
0.67
0.23
0.05
0.38
0.76
0.54
0.74
0.91
0.12
0.12
0.57
0.11
0.47
0.32
0.22
0.95
0.74
0.34
0.6
0.44
0.72
0.04
0.19
0.52
0.72
0.76
0.72
0.04
0.3
0.37
0.22
0.9
0.29
0.14
0.5
0.57
0.82
0.31
0.31
0.45
0.85
0.84
0.9
0.62
0.09
1
0.61
0.63
0.17
0.65
0.17
0.59
0.56
0.83
0.85
0.55
0.2
0.6
0.65
0.25
0.99
0.28
0
0.03
0.43
0.98
0.13
0.44
0.15
0.51
0.83
0.56
0.08
0.4
0.6
0.05
0.52
0.11
0.49
0.13
0.85
0.03
0.59
0.45
0.62
0.33
0.77
0.93
0.05
0.83
0.53
0.23
0.89
0.4
0.48
0.65
0.51
0.71
0.36
0.99
0.57
0.57
0.4
0.36
0.14
0.65
0.6
0.49
0.45
0.71
0.69
0.41
0.3
0.04
0.11
0.93
0.15
0.6
0.14
0.82
0.41
0.24
0.68
0.46
0.6
0.23
0.12
0.78
0.59
0.69
0.42
0.8
0.44
0.37
0.67
0.82
0.05
0.23
0.45
0.01
0.74
0.25
0.17
0.07
0.71
0.01
0.09
0.73
0.84
0.74
0.11
0
0.76
0.94
0.98
0.26
0.73
0.3
0.02
0.25
0.64
0.72
0.2
0.95
0.03
0.84
0.21
0.85
0.59
0.87
0.53
0.96
0.5
0.53
0.41
0.02
0.34
0.23
0.96
0.71
0.52
0.44
0.66
0.32
0.25
0.55
0.31
0.89
0.58
0.98
0.49
0.29
0.7
0.48
0.4
0.37
0.5
0.32
0.8
0.79
0.68
0.29
0.69
0.33
0.57
0.93
0.01
0.38
0.42
0.84
0.03
0.47
0.52
0.22
0.31
0.07
0.73
0.36
0.4
0.82
0.51
0.44
0.9
0.05
0.6
0.16
0.93
0.24
0.33
0.13
0.61
0.41
0.19
0.14
0.6
0.98
0.19
0.3
0.41
0.59
0.42
0.78
0.57
0.55
0.36
0.7
0.72
0.22
0.24
0.07
0.26
0.83
0.78
0.55
0.06
0.48
0.93
0.25
0.58
0.67
0.05
0.83
0.9
0.73
0.53
0.2
0.99
0.35
0.98
0.95
0.49
0.67
0.6
0.32
0.24
0.35
0.22
0.5
0.39
0.02
0.86
0.69
0.49
0.99
0.31
0.12
0.27
0.74
0.65
0.16
0.28
1
0.42
0.81
0.22
0.37
0.62
0.94
0.5
0.86
0.36
0.77
0.58
0.53
0.56
0.86
0.45
0.08
0.96
0.36
0.59
0.33
0.98
0.14
0.13
0.35
0.37
0.14
0.92
0.64
0.98
0.66
0.36
0.76
0.62
0.36
0.34
0.25
0.05
0.46
0.54
0.81
0.92
0.93
0.15
0.85
0.26
0.07
0.9
0.76
0.61
0.77
0
0.33
0.44
0.83
0.17
0.96
0.21
0.34
0.18
0.95
0.49
0.2
0.05
0.12
0.3
0.62
0.89
0.28
0.18
0.17
0.89
0.01
0.72
0.9
0.4
0.32
0.78
0.46
0.26
0.29
0.47
0.82
0.08
0.88
0.34
0.83
0.3
0.51
0.59
0.88
0.31
0.99
0.59
0.43
0.41
0.71
0.43
0.04
0.17
0.65
0.01
0.98
0.79
0.23
0.8
0.54
1
0.32
0.9
0.22
0.4
0.4
0.92
0.5
0.55
0.08
0.37
0.62
0.61
0.9
0.93
0.39
0.15
0.23
0.74
0.4
0.69
0.71
0.49
0.21
0.64
0.97
0.16
0.57
0.49
0.36
0.84
0.26
0.27
0.43
0.23
0.5
0.13
0.81
0.03
0.59
0.63
0.75
0.68
0.14
0.83
0.99
0.07
0.53
0.83
0.19
0.57
0.96
0.1
0.77
0.44
0.04
0.41
0.6
0.99
0.72
0.01
0.53
0.29
0.88
0.81
0.05
0.34
0.81
0.63
0.09
0.1
0.47
0.92
0.12
0.06
0.89
0.45
0.68
0.97
0.43
0.2
0.12
0.25
0.21
0.64
0.77
0.91
0.7
0.05
0.76
0.64
1
0.76
0.28
0.61
0.98
0.06
0.17
0.32
0.68
0.42
0.94
0.12
0.65
0.2
0.13
0.74
0.39
0.55
0.69
0.64
0.01
0.13
0.85
0.84
0.29
0.14
0.09
0.58
0.98
0.78
0.45
0.41
0.88
0.22
0.5
0.2
0.11
0.19
0.71
0.39
0.52
0.67
0.71
0.98
0.11
0.02
0.87
0.06
0.45
0.3
0.81
0.2
0.22
0.74
0.83
0.96
0.83
0.12
0.08
0.68
0.63
0.76
0.08
0.75
0.84
0.91
0.82
0.13
0.54
0.91
0.87
0.46
0.89
0.72
0.52
0.97
0.62
0.12
0.41
0.22
0.37
0.38
0.78
0.61
0.11
0.12
0.74
0.05
0
0.96
0.7
0.06
0.48
0.64
0.26
0.68
0.41
0.04
0.26
0.63
0.23
0.42
0.1
0.66
0.84
0.19
0.51
0.8
0.28
0.67
0.08
0.56
0.85
0.24
0.96
0.13
0.77
0.65
0.14
0.17
0.94
0.51
0.58
0.98
0.43
0.46
0.27
0.56
0.86
0.91
0.83
0.81
0.87
0.59
0.7
0.71
0.17
0.24
0.54
0.73
0.14
0.35
0.01
0.12
0.65
0.07
0.06
0.08
0.69
0.17
0.29
0.82
0.11
0.01
0.37
0.19
0.97
0.25
0.78
0.92
0.21
0.6
0.1
0.46
0.82
0.16
0.61
0.85
0.89
0.1
0.69
0.56
0.07
0.91
0.63
0.42
0.71
0.2
0.25
0.16
0.63
0.59
0.29
0.57
0.59
0.4
0.16
0.74
0.51
0.79
0.16
0.58
0.16
0.59
0.89
0.37
0.17
0.39
0.71
0.71
0.53
0.64
0.63
0.22
0.18
0.63
0.83
0.18
0.12
0.83
0.15
0.98
0.93
0.57
0.63
0.12
0.09
0.91
0.73
0.1
0.98
0.44
0.72
0.24
0.35
0.1
0.22
0.87
0.77
0.93
0.54
0.82
0.67
0.8
0.54
0.4
0.72
0.48
0.82
0.16
0.87
0.81
0.68
0.62
0.7
0.42
0.05
0.97
0.96
0.59
0.8
0.7
0.54
0.71
0.23
0.05
0.83
0.18
0.22
0.42
0.47
0.68
0.05
0.34
0.59
0.12
0.05
0.98
0.8
0.43
0.96
0.74
0.07
0.99
0.43
0.84
0.38
0.18
0.42
0.91
0.29
0.26
0.51
0.6
0.31
0.52
0.12
0.43
0.48
0.11
0.99
0.74
0.09
0.04
0.23
0.22
0.16
0.78
0.12
0.65
0.17
0.71
0.63
0.87
0.87
0.98
0.89
0.03
0.02
0.5
0.11
0.62
0.13
0.33
0.71
0.43
0.55
0.82
0.67
0.28
0.86
0.18
0.8
0.18
0.23
0.22
0.73
0.62
0.38
0.76
0.13
0.12
0.02
0.46
0.32
0.74
0.94
0.37
0.57
0.96
0.86
0.83
0.68
0.69
0.17
0.41
0.87
0.43
0.64
0.19
0.46
0.27
0.75